Population	 Frequency at Bottleneck 10	 Frequency at Bottleneck 20	 Frequency at Bottleneck 30	 Frequency at Bottleneck 40	 Frequency at Bottleneck 50	 Frequency at Bottleneck 60	 Whole Population Fitness Average at Bottleneck 10	 Whole Population Fitness Average at Bottleneck 20	 Whole Population Fitness Average at Bottleneck 30	 Whole Population Fitness Average at Bottleneck 40	 Whole Population Fitness Average at Bottleneck 50	 Whole Population Fitness Average at Bottleneck 60
POP-1 	 0.48398 	 0.47789 	 0.46653 	 0.43556 	 0.35096 	 0.34166 	 1.00005 	 1.00018 	 1.00068 	 1.0037 	 1.01424 	 1.03187 
POP-2 	 0.49682 	 0.49009 	 0.48577 	 0.45687 	 0.17738 	 0.01533 	 1.00002 	 1.00009 	 1.00037 	 1.0042 	 1.03553 	 1.05401 
POP-3 	 0.49605 	 0.49215 	 0.49987 	 0.44074 	 0.12719 	 0.00847 	 1.00003 	 1.0001 	 1.0006 	 1.00608 	 1.04236 	 1.05923 
POP-4 	 0.50299 	 0.53627 	 0.87778 	 0.99679 	 0.99992 	 1 	 1.00011 	 1.00473 	 1.04912 	 1.06421 	 1.06513 	 1.07375 
POP-5 	 0.50439 	 0.5094 	 0.51972 	 0.40562 	 0.0941 	 0.0178 	 1.00003 	 1.00013 	 1.00133 	 1.0167 	 1.05035 	 1.05581 
POP-6 	 0.4967 	 0.49126 	 0.48801 	 0.56571 	 0.82981 	 0.93409 	 1.00005 	 1.00011 	 1.00124 	 1.01146 	 1.03756 	 1.04544 
POP-7 	 0.49586 	 0.48911 	 0.48534 	 0.43568 	 0.17621 	 0.03532 	 1.00002 	 1.00016 	 1.00124 	 1.01117 	 1.05368 	 1.06716 
POP-8 	 0.48498 	 0.48524 	 0.49425 	 0.50248 	 0.50459 	 0.40109 	 1.00004 	 1.00012 	 1.00054 	 1.00372 	 1.02496 	 1.04872 
POP-9 	 0.49655 	 0.49195 	 0.45708 	 0.2011 	 0.01545 	 0.00134 	 1.00001 	 1.00024 	 1.00389 	 1.03396 	 1.06194 	 1.07348 
POP-10 	 0.49658 	 0.5025 	 0.50895 	 0.54039 	 0.65417 	 0.73942 	 1.00003 	 1.00011 	 1.00128 	 1.01757 	 1.04902 	 1.05426 
POP-11 	 0.50096 	 0.52174 	 0.52839 	 0.64667 	 0.90264 	 0.98745 	 1.00003 	 1.0002 	 1.00168 	 1.01249 	 1.03651 	 1.04461 
POP-12 	 0.50757 	 0.51784 	 0.53511 	 0.53677 	 0.70872 	 0.94029 	 1.00002 	 1.00005 	 1.00018 	 1.00267 	 1.04008 	 1.06874 
POP-13 	 0.48984 	 0.50219 	 0.49512 	 0.44653 	 0.30357 	 0.20593 	 1.00002 	 1.00015 	 1.00079 	 1.00402 	 1.01608 	 1.02993 
POP-14 	 0.50745 	 0.50516 	 0.51347 	 0.47302 	 0.33108 	 0.1228 	 1.00002 	 1.0002 	 1.00103 	 1.0058 	 1.02223 	 1.05369 
POP-15 	 0.49653 	 0.49005 	 0.48082 	 0.35943 	 0.1424 	 0.05003 	 1.00005 	 1.0004 	 1.00311 	 1.01793 	 1.03792 	 1.04388 
POP-16 	 0.50348 	 0.4897 	 0.46728 	 0.27153 	 0.04243 	 0.00963 	 1.00002 	 1.00021 	 1.0028 	 1.02583 	 1.05943 	 1.07599 
POP-17 	 0.50577 	 0.51834 	 0.52359 	 0.5306 	 0.54628 	 0.5107 	 1.00002 	 1.00006 	 1.00014 	 1.00047 	 1.00189 	 1.00683 
POP-18 	 0.49449 	 0.4885 	 0.44615 	 0.32208 	 0.32026 	 0.3472 	 1.00004 	 1.00085 	 1.01337 	 1.04528 	 1.0519 	 1.05317 
POP-19 	 0.49802 	 0.48648 	 0.48477 	 0.51121 	 0.76772 	 0.97693 	 1.00001 	 1.00004 	 1.00026 	 1.0027 	 1.03013 	 1.05688 
POP-20 	 0.49752 	 0.50612 	 0.50884 	 0.51396 	 0.56621 	 0.68483 	 1.00002 	 1.00015 	 1.00099 	 1.00522 	 1.02086 	 1.03509 
POP-21 	 0.49925 	 0.51086 	 0.50087 	 0.51694 	 0.65089 	 0.9351 	 1.00001 	 1.00004 	 1.00021 	 1.00153 	 1.01492 	 1.0415 
POP-22 	 0.49764 	 0.47795 	 0.47548 	 0.47309 	 0.45064 	 0.35619 	 1.00003 	 1.0001 	 1.00045 	 1.0026 	 1.01238 	 1.02801 
POP-23 	 0.4894 	 0.49013 	 0.48266 	 0.54037 	 0.8182 	 0.96353 	 1.00003 	 1.00013 	 1.00083 	 1.00749 	 1.03588 	 1.05176 
POP-24 	 0.50205 	 0.49273 	 0.5046 	 0.47524 	 0.38637 	 0.2069 	 1.00002 	 1.00008 	 1.00036 	 1.00152 	 1.00675 	 1.01817 
POP-25 	 0.50118 	 0.50479 	 0.49861 	 0.38721 	 0.06515 	 0.00857 	 1.00004 	 1.00016 	 1.00139 	 1.02455 	 1.0651 	 1.06896 
POP-26 	 0.4898 	 0.47971 	 0.47637 	 0.46886 	 0.48573 	 0.65109 	 1.00002 	 1.00011 	 1.00031 	 1.00112 	 1.00486 	 1.03266 
POP-27 	 0.49127 	 0.47649 	 0.30091 	 0.03865 	 0.00218 	 0.00019 	 1.00013 	 1.00169 	 1.01917 	 1.04684 	 1.05144 	 1.05294 
POP-28 	 0.50154 	 0.49412 	 0.5036 	 0.62479 	 0.87663 	 0.9836 	 1.00003 	 1.00015 	 1.00142 	 1.00941 	 1.02894 	 1.04147 
POP-29 	 0.49931 	 0.50933 	 0.5019 	 0.49949 	 0.47876 	 0.3725 	 1.00004 	 1.0001 	 1.0003 	 1.00106 	 1.0042 	 1.01866 
POP-30 	 0.49687 	 0.50343 	 0.50583 	 0.53908 	 0.6784 	 0.70916 	 1.00003 	 1.00013 	 1.00088 	 1.00637 	 1.02757 	 1.04149 
POP-31 	 0.49272 	 0.4901 	 0.4917 	 0.46866 	 0.36784 	 0.17672 	 1.00002 	 1.00017 	 1.00077 	 1.00361 	 1.01434 	 1.03454 
POP-32 	 0.49689 	 0.49031 	 0.49756 	 0.50296 	 0.52515 	 0.60844 	 1.00001 	 1.00004 	 1.00017 	 1.00048 	 1.00179 	 1.0076 
POP-33 	 0.50429 	 0.49363 	 0.47467 	 0.4674 	 0.38468 	 0.17299 	 1.00001 	 1.00008 	 1.0003 	 1.00212 	 1.01406 	 1.037 
POP-34 	 0.49613 	 0.50216 	 0.50297 	 0.47327 	 0.3712 	 0.13572 	 1.00002 	 1.00005 	 1.00026 	 1.00183 	 1.00954 	 1.02692 
POP-35 	 0.50869 	 0.50226 	 0.48406 	 0.42006 	 0.39723 	 0.63276 	 1.00002 	 1.00017 	 1.00132 	 1.01169 	 1.0393 	 1.05454 
POP-36 	 0.47823 	 0.46448 	 0.45462 	 0.40661 	 0.20705 	 0.09214 	 1.00001 	 1.0001 	 1.00079 	 1.00738 	 1.03094 	 1.04307 
POP-37 	 0.50162 	 0.49256 	 0.47984 	 0.4575 	 0.281 	 0.15907 	 1.00001 	 1.00008 	 1.00031 	 1.00304 	 1.0277 	 1.05386 
POP-38 	 0.50467 	 0.5012 	 0.47042 	 0.3396 	 0.09298 	 0.02356 	 1.00002 	 1.00025 	 1.0022 	 1.01432 	 1.03515 	 1.04177 
POP-39 	 0.50336 	 0.49897 	 0.5274 	 0.93863 	 0.99923 	 0.99994 	 1.00002 	 1.0001 	 1.00534 	 1.0729 	 1.08258 	 1.08381 
POP-40 	 0.51493 	 0.51825 	 0.54138 	 0.64596 	 0.8727 	 0.97647 	 1.00004 	 1.00028 	 1.00172 	 1.01056 	 1.03001 	 1.04084 
POP-41 	 0.48846 	 0.497 	 0.50087 	 0.49357 	 0.5174 	 0.68842 	 1.00002 	 1.00005 	 1.00015 	 1.0007 	 1.00347 	 1.01754 
POP-42 	 0.49775 	 0.50677 	 0.56008 	 0.88729 	 0.99396 	 0.99919 	 1.00002 	 1.00039 	 1.00723 	 1.0415 	 1.05296 	 1.05395 
POP-43 	 0.50244 	 0.4927 	 0.50329 	 0.51532 	 0.52245 	 0.54446 	 1.00003 	 1.00009 	 1.00043 	 1.00156 	 1.0058 	 1.01595 
POP-44 	 0.50326 	 0.51447 	 0.52376 	 0.48415 	 0.13557 	 0.01283 	 1.00001 	 1.00005 	 1.00028 	 1.00488 	 1.04709 	 1.0618 
POP-45 	 0.48643 	 0.48355 	 0.47437 	 0.3517 	 0.12038 	 0.02619 	 1.00004 	 1.00022 	 1.00192 	 1.01148 	 1.03003 	 1.03691 
POP-46 	 0.49762 	 0.50659 	 0.51772 	 0.56774 	 0.74374 	 0.92319 	 1.00002 	 1.00013 	 1.00088 	 1.00518 	 1.01874 	 1.03062 
POP-47 	 0.50884 	 0.58165 	 0.95738 	 0.99919 	 1 	 1 	 1.00017 	 1.0104 	 1.06342 	 1.06964 	 1.07036 	 1.07266 
POP-48 	 0.49545 	 0.49705 	 0.4915 	 0.47463 	 0.45689 	 0.64514 	 1.00002 	 1.00013 	 1.00086 	 1.00543 	 1.02205 	 1.05595 
POP-49 	 0.50733 	 0.51593 	 0.5021 	 0.30389 	 0.19976 	 0.27066 	 1.00004 	 1.00042 	 1.00516 	 1.03717 	 1.05678 	 1.06648 
POP-50 	 0.49573 	 0.50303 	 0.50336 	 0.49556 	 0.41596 	 0.12064 	 1.00002 	 1.00005 	 1.00017 	 1.00105 	 1.00976 	 1.04384 
POP-51 	 0.50234 	 0.48307 	 0.47611 	 0.67532 	 0.95897 	 0.99445 	 1.00003 	 1.00017 	 1.00216 	 1.03555 	 1.06857 	 1.07368 
POP-52 	 0.49671 	 0.49607 	 0.48825 	 0.46561 	 0.34066 	 0.11528 	 1.00002 	 1.00004 	 1.0003 	 1.00218 	 1.01568 	 1.03833 
POP-53 	 0.48446 	 0.49984 	 0.50624 	 0.62866 	 0.87692 	 0.96231 	 1.00008 	 1.00034 	 1.00244 	 1.01542 	 1.03492 	 1.04041 
POP-54 	 0.49556 	 0.49292 	 0.49893 	 0.5125 	 0.56866 	 0.59773 	 1.00003 	 1.00016 	 1.00061 	 1.00301 	 1.0121 	 1.02837 
POP-55 	 0.49317 	 0.51688 	 0.51036 	 0.51927 	 0.52337 	 0.52409 	 1.00001 	 1.00006 	 1.00024 	 1.00083 	 1.00298 	 1.01051 
POP-56 	 0.49352 	 0.49513 	 0.49226 	 0.49864 	 0.50034 	 0.4593 	 1.00001 	 1.00002 	 1.00006 	 1.00017 	 1.00072 	 1.00515 
POP-57 	 0.50035 	 0.5022 	 0.51346 	 0.67691 	 0.92076 	 0.98815 	 1.00004 	 1.00023 	 1.00229 	 1.01523 	 1.03539 	 1.0517 
POP-58 	 0.51233 	 0.52071 	 0.50901 	 0.35087 	 0.02289 	 0.001 	 1.00004 	 1.00014 	 1.00137 	 1.0212 	 1.06535 	 1.06928 
POP-59 	 0.50333 	 0.50821 	 0.49888 	 0.48869 	 0.5349 	 0.90402 	 1.00002 	 1.0001 	 1.00027 	 1.00127 	 1.01352 	 1.06177 
POP-60 	 0.50604 	 0.51083 	 0.50619 	 0.4938 	 0.47982 	 0.37625 	 1.00002 	 1.00005 	 1.00016 	 1.00054 	 1.00239 	 1.01442 
POP-61 	 0.49908 	 0.50374 	 0.51601 	 0.5182 	 0.54734 	 0.62688 	 1.00002 	 1.00008 	 1.00025 	 1.00097 	 1.0038 	 1.01186 
POP-62 	 0.49031 	 0.48926 	 0.50219 	 0.5103 	 0.66484 	 0.85386 	 1.00001 	 1.00004 	 1.00039 	 1.00363 	 1.02381 	 1.04261 
POP-63 	 0.49549 	 0.49768 	 0.51513 	 0.57218 	 0.75524 	 0.91435 	 1.00004 	 1.00021 	 1.00113 	 1.00506 	 1.01561 	 1.02732 
POP-64 	 0.49992 	 0.50452 	 0.58494 	 0.93415 	 0.99696 	 0.99988 	 1.00002 	 1.00048 	 1.0107 	 1.05465 	 1.06707 	 1.09739 
POP-65 	 0.50917 	 0.51889 	 0.49256 	 0.13173 	 0.00339 	 0.00029 	 1.00001 	 1.00012 	 1.00353 	 1.0542 	 1.07121 	 1.07163 
POP-66 	 0.48853 	 0.47577 	 0.18848 	 0.01045 	 0.00013 	 0 	 1.00013 	 1.00332 	 1.03685 	 1.05703 	 1.05828 	 1.05847 
POP-67 	 0.49831 	 0.49189 	 0.4853 	 0.49006 	 0.5119 	 0.60062 	 1.00001 	 1.00005 	 1.00021 	 1.00111 	 1.00594 	 1.02184 
POP-68 	 0.50118 	 0.5054 	 0.52119 	 0.59486 	 0.87538 	 0.98984 	 1.00005 	 1.00025 	 1.00127 	 1.00833 	 1.03982 	 1.05481 
POP-69 	 0.49824 	 0.49482 	 0.51256 	 0.77986 	 0.91712 	 0.97361 	 1.00002 	 1.00012 	 1.00413 	 1.05387 	 1.07202 	 1.09917 
POP-70 	 0.49977 	 0.50636 	 0.50936 	 0.65587 	 0.9031 	 0.90616 	 1.00002 	 1.00012 	 1.00153 	 1.01875 	 1.04859 	 1.0534 
POP-71 	 0.50222 	 0.502 	 0.51601 	 0.52978 	 0.21872 	 0.02111 	 1.00003 	 1.00012 	 1.00064 	 1.00651 	 1.05615 	 1.07419 
POP-72 	 0.50206 	 0.4988 	 0.21946 	 0.00485 	 0.00019 	 0 	 1.00003 	 1.00126 	 1.04487 	 1.07856 	 1.08015 	 1.09116 
POP-73 	 0.49968 	 0.50242 	 0.51123 	 0.71028 	 0.97048 	 0.9972 	 1.00002 	 1.00016 	 1.00181 	 1.02683 	 1.05684 	 1.06064 
POP-74 	 0.49065 	 0.48436 	 0.48839 	 0.44273 	 0.37391 	 0.25273 	 1.00004 	 1.0002 	 1.00083 	 1.00337 	 1.01104 	 1.02237 
POP-75 	 0.49301 	 0.40548 	 0.01777 	 0.00027 	 0 	 0 	 1.00012 	 1.01432 	 1.08063 	 1.08473 	 1.11537 	 1.15817 
POP-76 	 0.49838 	 0.48573 	 0.43147 	 0.18296 	 0.03074 	 0.00622 	 1.00005 	 1.00066 	 1.00601 	 1.02725 	 1.0398 	 1.04166 
POP-77 	 0.51369 	 0.51764 	 0.51172 	 0.54597 	 0.64445 	 0.6595 	 1.00002 	 1.00007 	 1.0005 	 1.0048 	 1.02543 	 1.04224 
POP-78 	 0.50437 	 0.50556 	 0.5135 	 0.4774 	 0.11593 	 0.00536 	 1.00001 	 1.00007 	 1.0002 	 1.00446 	 1.05592 	 1.07173 
POP-79 	 0.5007 	 0.53811 	 0.88031 	 0.99415 	 0.99933 	 0.99985 	 1.00018 	 1.0056 	 1.04695 	 1.06157 	 1.06865 	 1.08817 
POP-80 	 0.50183 	 0.52085 	 0.68867 	 0.96363 	 0.99773 	 0.99967 	 1.00008 	 1.00136 	 1.01905 	 1.04953 	 1.05363 	 1.05492 
POP-81 	 0.48811 	 0.49047 	 0.48294 	 0.47986 	 0.47368 	 0.48071 	 1.00002 	 1.00004 	 1.00009 	 1.00023 	 1.00082 	 1.00296 
POP-82 	 0.4945 	 0.49923 	 0.50194 	 0.52209 	 0.63757 	 0.8578 	 1.00001 	 1.00004 	 1.0003 	 1.00261 	 1.01955 	 1.04439 
POP-83 	 0.50188 	 0.48996 	 0.4129 	 0.11065 	 0.03868 	 0.04613 	 1.00003 	 1.00041 	 1.0081 	 1.04752 	 1.05779 	 1.0586 
POP-84 	 0.49625 	 0.49232 	 0.48781 	 0.4718 	 0.17535 	 0.00668 	 1.00001 	 1.00005 	 1.00022 	 1.00311 	 1.0434 	 1.06825 
POP-85 	 0.4994 	 0.47839 	 0.47319 	 0.44509 	 0.24542 	 0.04178 	 1.00003 	 1.00007 	 1.00043 	 1.00347 	 1.02474 	 1.04572 
POP-86 	 0.50316 	 0.4911 	 0.44308 	 0.24046 	 0.0598 	 0.01533 	 1.00006 	 1.0006 	 1.00473 	 1.02328 	 1.03838 	 1.04131 
POP-87 	 0.51206 	 0.50494 	 0.49981 	 0.60798 	 0.95607 	 0.9977 	 1.00002 	 1.00005 	 1.00048 	 1.01384 	 1.06078 	 1.06598 
POP-88 	 0.49759 	 0.49395 	 0.45308 	 0.20931 	 0.04288 	 0.01586 	 1.00005 	 1.00056 	 1.00545 	 1.02547 	 1.03927 	 1.04277 
POP-89 	 0.49698 	 0.49047 	 0.50151 	 0.51594 	 0.58569 	 0.77988 	 1.00004 	 1.00006 	 1.00024 	 1.00124 	 1.00658 	 1.02311 
POP-90 	 0.49748 	 0.5058 	 0.5153 	 0.48487 	 0.33555 	 0.09292 	 1.00002 	 1.0001 	 1.00057 	 1.00312 	 1.01549 	 1.04027 
POP-91 	 0.50412 	 0.51321 	 0.51435 	 0.57048 	 0.81181 	 0.94117 	 1.00003 	 1.00015 	 1.00098 	 1.01017 	 1.03935 	 1.05123 
POP-92 	 0.49889 	 0.49943 	 0.48716 	 0.45793 	 0.35493 	 0.18513 	 1.00002 	 1.00015 	 1.00062 	 1.00226 	 1.0084 	 1.01886 
POP-93 	 0.49977 	 0.51049 	 0.52712 	 0.56472 	 0.78907 	 0.96236 	 1.00002 	 1.00008 	 1.00065 	 1.0052 	 1.028 	 1.0445 
POP-94 	 0.50802 	 0.49742 	 0.50667 	 0.57974 	 0.81192 	 0.90916 	 1.00003 	 1.00014 	 1.00115 	 1.01027 	 1.03673 	 1.04647 
POP-95 	 0.4936 	 0.48784 	 0.68337 	 0.96405 	 0.99166 	 0.99731 	 1.00007 	 1.00136 	 1.02447 	 1.05809 	 1.06457 	 1.07734 
POP-96 	 0.50467 	 0.5107 	 0.52351 	 0.54695 	 0.66209 	 0.84314 	 1.00004 	 1.00016 	 1.0007 	 1.00398 	 1.01604 	 1.03067 
POP-97 	 0.49899 	 0.49237 	 0.49528 	 0.49209 	 0.48111 	 0.55006 	 1.00002 	 1.00008 	 1.00033 	 1.00157 	 1.00803 	 1.02453 
POP-98 	 0.50707 	 0.52746 	 0.64454 	 0.98939 	 0.99991 	 1 	 1.00004 	 1.00073 	 1.01923 	 1.09961 	 1.11016 	 1.11927 
POP-99 	 0.49442 	 0.49667 	 0.49431 	 0.50821 	 0.62327 	 0.81503 	 1.00002 	 1.00027 	 1.00099 	 1.00521 	 1.01928 	 1.0328 
POP-100 	 0.4963 	 0.49008 	 0.46427 	 0.41224 	 0.24574 	 0.05543 	 1.00002 	 1.00012 	 1.0009 	 1.00396 	 1.01598 	 1.03787 
