Population	 Frequency at Bottleneck 10	 Frequency at Bottleneck 20	 Frequency at Bottleneck 30	 Frequency at Bottleneck 40	 Frequency at Bottleneck 50	 Frequency at Bottleneck 60	 Whole Population Fitness Average at Bottleneck 10	 Whole Population Fitness Average at Bottleneck 20	 Whole Population Fitness Average at Bottleneck 30	 Whole Population Fitness Average at Bottleneck 40	 Whole Population Fitness Average at Bottleneck 50	 Whole Population Fitness Average at Bottleneck 60
POP-1 	 0.838567 	 1 	 1 	 1 	 1 	 1 	 1.67075 	 3.79244 	 6.88397 	 14.4868 	 29.3001 	 65.5125 
POP-2 	 0.946642 	 1 	 1 	 1 	 1 	 1 	 1.52735 	 4.46068 	 10.9625 	 22.9909 	 53.4572 	 130.135 
POP-3 	 0.00735833 	 0 	 0 	 0 	 0 	 0 	 1.9033 	 4.33367 	 8.42398 	 20.6896 	 44.7679 	 78.5533 
POP-4 	 1.66667e-05 	 0 	 0 	 0 	 0 	 0 	 2.64819 	 5.72163 	 14.6461 	 31.8523 	 62.7953 	 122.743 
POP-5 	 0.00405833 	 0 	 0 	 0 	 0 	 0 	 1.6514 	 3.12608 	 7.72749 	 19.6813 	 58.7382 	 149.533 
POP-6 	 0.949183 	 1 	 1 	 1 	 1 	 1 	 1.59343 	 4.88179 	 9.9088 	 19.587 	 64.4725 	 145.323 
POP-7 	 5e-05 	 0 	 0 	 0 	 0 	 0 	 1.69152 	 5.01869 	 9.39557 	 19.0284 	 59.2569 	 104.138 
POP-8 	 0.00665 	 0 	 0 	 0 	 0 	 0 	 2.00118 	 5.08306 	 13.9179 	 35.4734 	 89.7693 	 190.078 
POP-9 	 0.126958 	 0 	 0 	 0 	 0 	 0 	 1.52193 	 3.41405 	 8.18971 	 19.7443 	 43.7753 	 84.2254 
POP-10 	 0.01435 	 0 	 0 	 0 	 0 	 0 	 1.95781 	 4.20817 	 10.0951 	 22.7952 	 60.6605 	 128.497 
POP-11 	 0.999683 	 1 	 1 	 1 	 1 	 1 	 2.09214 	 5.45627 	 14.4439 	 36.3604 	 67.4724 	 148.634 
POP-12 	 0.759325 	 1 	 1 	 1 	 1 	 1 	 1.72195 	 4.28666 	 9.93507 	 20.3253 	 46.0395 	 99.7143 
POP-13 	 0.102192 	 0 	 0 	 0 	 0 	 0 	 1.59186 	 3.68416 	 8.34956 	 20.4643 	 67.6123 	 141.576 
POP-14 	 0.184275 	 0 	 0 	 0 	 0 	 0 	 1.78389 	 4.7419 	 12.4288 	 24.0028 	 54.9441 	 156.729 
POP-15 	 0 	 0 	 0 	 0 	 0 	 0 	 2.31421 	 5.57413 	 10.6834 	 18.3709 	 44.8873 	 114.704 
POP-16 	 0.00340833 	 0 	 0 	 0 	 0 	 0 	 1.91742 	 4.20745 	 8.90233 	 20.2444 	 45.7058 	 122.013 
POP-17 	 0.14155 	 0.0145833 	 0 	 0 	 0 	 0 	 1.55452 	 2.79229 	 9.78183 	 25.6263 	 56.3365 	 167.987 
POP-18 	 0.0587333 	 8.33333e-06 	 0 	 0 	 0 	 0 	 1.45232 	 3.08111 	 7.10467 	 15.2182 	 53.387 	 104.15 
POP-19 	 0.0550417 	 0 	 0 	 0 	 0 	 0 	 1.76679 	 4.37034 	 11.7632 	 25.8557 	 48.4828 	 104.791 
POP-20 	 0.99695 	 1 	 1 	 1 	 1 	 1 	 1.93508 	 3.73486 	 7.10374 	 15.297 	 30.2813 	 72.1991 
POP-21 	 0.126258 	 0.000133333 	 0 	 0 	 0 	 0 	 1.87622 	 4.81925 	 14.5072 	 30.0928 	 70.7218 	 158.139 
POP-22 	 0.242375 	 0 	 0 	 0 	 0 	 0 	 1.43479 	 3.17038 	 7.45057 	 15.3094 	 35.6715 	 74.1635 
POP-23 	 0.780008 	 0.000575 	 0 	 0 	 0 	 0 	 1.46007 	 4.3361 	 11.8029 	 26.0723 	 65.7199 	 119.239 
POP-24 	 0.693733 	 0.958442 	 1 	 1 	 1 	 1 	 1.57726 	 3.72251 	 9.74282 	 23.2025 	 48.9176 	 101.425 
POP-25 	 0.123092 	 0 	 0 	 0 	 0 	 0 	 1.44866 	 3.25152 	 6.94696 	 16.2031 	 32.9682 	 69.2808 
POP-26 	 0.958717 	 1 	 1 	 1 	 1 	 1 	 1.76623 	 5.33556 	 11.7471 	 24.8049 	 55.4622 	 123.544 
POP-27 	 0.775375 	 1 	 1 	 1 	 1 	 1 	 1.55119 	 3.55331 	 8.50524 	 21.9157 	 48.8802 	 120.91 
POP-28 	 0.969458 	 1 	 1 	 1 	 1 	 1 	 2.08992 	 5.02896 	 12.5827 	 29.3314 	 50.9315 	 128.125 
POP-29 	 0.863033 	 0.9997 	 1 	 1 	 1 	 1 	 1.64518 	 3.60661 	 7.55084 	 19.0888 	 40.0316 	 72.2934 
POP-30 	 0.860867 	 1 	 1 	 1 	 1 	 1 	 1.6202 	 4.74245 	 11.7562 	 25.5101 	 56.5728 	 113.626 
POP-31 	 0.0777583 	 0 	 0 	 0 	 0 	 0 	 1.62339 	 3.64785 	 8.82264 	 23.241 	 42.7614 	 83.0773 
POP-32 	 0.007525 	 0 	 0 	 0 	 0 	 0 	 1.58319 	 3.27438 	 10.8891 	 22.2902 	 52.878 	 115.306 
POP-33 	 9.16667e-05 	 0 	 0 	 0 	 0 	 0 	 2.52609 	 6.52239 	 21.3307 	 41.3607 	 111.247 	 228.227 
POP-34 	 0.012825 	 0 	 0 	 0 	 0 	 0 	 1.43459 	 3.19934 	 8.14382 	 18.8264 	 36.0698 	 80.7798 
POP-35 	 0.513208 	 0.0133917 	 0 	 0 	 0 	 0 	 1.60509 	 3.35148 	 9.39608 	 19.1798 	 40.3094 	 79.5656 
POP-36 	 1 	 1 	 1 	 1 	 1 	 1 	 1.86847 	 4.7253 	 8.87398 	 19.5057 	 31.3029 	 104.101 
POP-37 	 0.997292 	 1 	 1 	 1 	 1 	 1 	 1.77978 	 3.94806 	 8.48187 	 15.8305 	 40.0474 	 85.3305 
POP-38 	 0.0881417 	 8.33333e-06 	 0 	 0 	 0 	 0 	 1.99459 	 3.73507 	 7.73941 	 14.8437 	 38.9925 	 72.8077 
POP-39 	 0.987883 	 1 	 1 	 1 	 1 	 1 	 1.97098 	 3.88601 	 8.27975 	 16.9198 	 38.4563 	 89.3882 
POP-40 	 0.100025 	 9.16667e-05 	 0 	 0 	 0 	 0 	 1.76177 	 4.94109 	 9.70974 	 21.3729 	 40.2208 	 105.416 
POP-41 	 0.444867 	 0.939883 	 1 	 1 	 1 	 1 	 1.57435 	 3.3604 	 8.55534 	 16.3261 	 32.5433 	 69.1651 
POP-42 	 0.946258 	 0.0726917 	 0 	 0 	 0 	 0 	 1.56895 	 3.63409 	 8.22353 	 18.7166 	 45.4558 	 95.0605 
POP-43 	 0.424067 	 1 	 1 	 1 	 1 	 1 	 1.64748 	 4.54096 	 11.0392 	 28.5611 	 71.1035 	 153.653 
POP-44 	 0.00535833 	 0 	 0 	 0 	 0 	 0 	 1.70167 	 3.62353 	 9.04934 	 17.8611 	 37.4844 	 79.0405 
POP-45 	 0.999008 	 1 	 1 	 1 	 1 	 1 	 2.25287 	 4.71349 	 10.763 	 27.271 	 66.1371 	 157.058 
POP-46 	 0.993608 	 1 	 1 	 1 	 1 	 1 	 1.65514 	 3.48573 	 7.77871 	 14.5395 	 26.3801 	 46.84 
POP-47 	 0.0286167 	 0 	 0 	 0 	 0 	 0 	 1.68149 	 3.21147 	 8.10176 	 21.8269 	 46.748 	 97.5829 
POP-48 	 0.0579833 	 0 	 0 	 0 	 0 	 0 	 1.66809 	 4.13545 	 9.76491 	 21.3485 	 55.3939 	 128.998 
POP-49 	 1 	 1 	 1 	 1 	 1 	 1 	 2.57324 	 4.66852 	 15.8282 	 27.8963 	 72.6947 	 134.8 
POP-50 	 0.940892 	 1 	 1 	 1 	 1 	 1 	 1.89484 	 4.51397 	 13.14 	 26.2614 	 56.5265 	 123.291 
POP-51 	 0.38795 	 0.998233 	 1 	 1 	 1 	 1 	 1.76817 	 3.77401 	 6.92587 	 15.2749 	 53.3963 	 135.955 
POP-52 	 0.804967 	 0.988392 	 1 	 1 	 1 	 1 	 1.59759 	 3.64406 	 6.89756 	 18.3452 	 58.041 	 178.164 
POP-53 	 0.000266667 	 0 	 0 	 0 	 0 	 0 	 2.01852 	 4.00603 	 10.1936 	 20.8154 	 47.0675 	 124.885 
POP-54 	 0.739842 	 0.994375 	 1 	 1 	 1 	 1 	 1.59603 	 3.86082 	 9.11623 	 16.6422 	 54.0814 	 110.762 
POP-55 	 0.540958 	 0.999958 	 1 	 1 	 1 	 1 	 1.41413 	 3.10235 	 5.72784 	 15.2191 	 29.6554 	 87.6461 
POP-56 	 0.601925 	 0.565908 	 0.995725 	 1 	 1 	 1 	 1.47705 	 2.50304 	 5.69944 	 18.3943 	 36.2191 	 68.1196 
POP-57 	 0.392283 	 0 	 0 	 0 	 0 	 0 	 1.5543 	 3.71974 	 9.08307 	 16.0347 	 37.3258 	 76.1774 
POP-58 	 0.5118 	 0.990775 	 1 	 1 	 1 	 1 	 1.54162 	 4.01402 	 8.93249 	 21.511 	 48.9684 	 104.122 
POP-59 	 0.997117 	 1 	 1 	 1 	 1 	 1 	 2.00468 	 3.869 	 10.5977 	 22.3441 	 43.2609 	 79.4361 
POP-60 	 0.0324083 	 8.33333e-06 	 0 	 0 	 0 	 0 	 1.86109 	 3.4141 	 5.76122 	 13.5699 	 26.09 	 54.4682 
POP-61 	 0.000175 	 0 	 0 	 0 	 0 	 0 	 1.9891 	 4.11959 	 11.2369 	 24.1404 	 60.1298 	 190.17 
POP-62 	 0.210267 	 0.007775 	 0 	 0 	 0 	 0 	 1.53407 	 3.6762 	 8.73402 	 28.1499 	 60.708 	 170.267 
POP-63 	 0.966842 	 1 	 1 	 1 	 1 	 1 	 1.6974 	 3.55272 	 6.97665 	 15.1878 	 28.5924 	 58.277 
POP-64 	 0 	 0 	 0 	 0 	 0 	 0 	 2.38409 	 5.61702 	 9.72782 	 26.1751 	 57.9073 	 204.016 
POP-65 	 0.000625 	 0 	 0 	 0 	 0 	 0 	 2.18147 	 4.08943 	 8.95915 	 16.2201 	 36.9344 	 76.6214 
POP-66 	 0.858858 	 1 	 1 	 1 	 1 	 1 	 1.68931 	 3.11771 	 7.26069 	 18.6462 	 45.7593 	 107.778 
POP-67 	 0.291808 	 1 	 1 	 1 	 1 	 1 	 1.86392 	 4.52094 	 9.108 	 22.299 	 53.9713 	 150.495 
POP-68 	 0.843742 	 1 	 1 	 1 	 1 	 1 	 1.8048 	 4.12587 	 10.9732 	 31.4675 	 77.9263 	 201.281 
POP-69 	 0.739375 	 1 	 1 	 1 	 1 	 1 	 1.84762 	 4.24866 	 8.58545 	 17.2977 	 46.7108 	 127.288 
POP-70 	 0.007775 	 0 	 0 	 0 	 0 	 0 	 1.97708 	 4.71985 	 10.6145 	 25.5844 	 46.5305 	 114.517 
POP-71 	 0.595383 	 1 	 1 	 1 	 1 	 1 	 1.55097 	 4.00998 	 19.6086 	 46.6653 	 100.535 	 193.248 
POP-72 	 0.926708 	 1 	 1 	 1 	 1 	 1 	 1.56645 	 3.99432 	 8.90136 	 22.0166 	 55.2766 	 160.052 
POP-73 	 0.999208 	 1 	 1 	 1 	 1 	 1 	 1.90984 	 3.5103 	 6.87865 	 16.5042 	 33.8444 	 94.6421 
POP-74 	 0.00373333 	 0 	 0 	 0 	 0 	 0 	 1.79646 	 3.60911 	 6.5 	 17.7667 	 34.9622 	 73.4151 
POP-75 	 0.165525 	 0.951542 	 1 	 1 	 1 	 1 	 1.59341 	 4.72198 	 8.85132 	 18.4857 	 36.6052 	 76.6656 
POP-76 	 0.2671 	 0 	 0 	 0 	 0 	 0 	 1.80004 	 4.38952 	 8.7771 	 17.9033 	 47.4671 	 114.901 
POP-77 	 0.0576833 	 0 	 0 	 0 	 0 	 0 	 2.04776 	 3.96191 	 10.343 	 26.2205 	 62.9559 	 209.214 
POP-78 	 0.228125 	 0.00514167 	 0 	 0 	 0 	 0 	 1.43458 	 2.83758 	 7.21273 	 17.4529 	 36.179 	 95.4088 
POP-79 	 0.0282167 	 0 	 0 	 0 	 0 	 0 	 1.73621 	 4.97387 	 10.0328 	 19.3882 	 46.1607 	 112.17 
POP-80 	 0.10135 	 0 	 0 	 0 	 0 	 0 	 1.64193 	 4.21315 	 8.69923 	 18.0342 	 36.5848 	 80.8602 
POP-81 	 0.914558 	 1 	 1 	 1 	 1 	 1 	 1.91883 	 4.31014 	 9.42597 	 20.9345 	 37.4579 	 70.3039 
POP-82 	 0.838492 	 0.985425 	 1 	 1 	 1 	 1 	 1.72808 	 3.68357 	 9.72176 	 19.1016 	 40.6346 	 77.518 
POP-83 	 0.0642583 	 0 	 0 	 0 	 0 	 0 	 1.8507 	 3.90462 	 9.67422 	 20.3259 	 45.2749 	 93.9023 
POP-84 	 0.827367 	 1 	 1 	 1 	 1 	 1 	 1.5226 	 3.82464 	 9.26151 	 19.8293 	 47.4266 	 87.7224 
POP-85 	 0.1026 	 0.999767 	 1 	 1 	 1 	 1 	 1.61925 	 3.95117 	 9.09057 	 26.7392 	 60.54 	 134.23 
POP-86 	 0.0146 	 0 	 0 	 0 	 0 	 0 	 1.60871 	 4.9966 	 10.4939 	 26.3796 	 59.435 	 156.181 
POP-87 	 0.997133 	 1 	 1 	 1 	 1 	 1 	 2.12121 	 4.35819 	 9.43148 	 22.7719 	 49.592 	 151.643 
POP-88 	 0.625233 	 1 	 1 	 1 	 1 	 1 	 1.54396 	 4.11933 	 9.05825 	 18.9541 	 34.6171 	 91.2751 
POP-89 	 0.61945 	 0.773442 	 0.943608 	 1 	 1 	 1 	 1.72379 	 3.81267 	 6.74228 	 13.7373 	 27.8511 	 58.4791 
POP-90 	 0.430533 	 1 	 1 	 1 	 1 	 1 	 1.66384 	 3.88368 	 6.71412 	 16.1541 	 32.6448 	 71.9097 
POP-91 	 0.83105 	 1 	 1 	 1 	 1 	 1 	 1.72594 	 4.28701 	 10.2604 	 21.6575 	 56.124 	 124.619 
POP-92 	 0.601233 	 0.994958 	 1 	 1 	 1 	 1 	 1.50642 	 3.49329 	 6.7229 	 13.1724 	 35.0026 	 135.791 
POP-93 	 0.0807083 	 0 	 0 	 0 	 0 	 0 	 1.50313 	 3.70838 	 8.45494 	 25.3254 	 49.4337 	 100.347 
POP-94 	 0.0313417 	 0 	 0 	 0 	 0 	 0 	 1.56699 	 3.38726 	 8.61906 	 19.4054 	 41.0596 	 77.3516 
POP-95 	 0.92835 	 1 	 1 	 1 	 1 	 1 	 1.60604 	 3.17718 	 8.47877 	 14.4647 	 41.8988 	 72.0243 
POP-96 	 0.012325 	 0 	 0 	 0 	 0 	 0 	 2.8332 	 7.29625 	 13.8946 	 30.131 	 84.9913 	 156.99 
POP-97 	 0.999742 	 1 	 1 	 1 	 1 	 1 	 1.94065 	 4.20669 	 8.07045 	 17.8553 	 39.6259 	 74.1392 
POP-98 	 0 	 0 	 0 	 0 	 0 	 0 	 2.12715 	 4.12621 	 8.54636 	 19.5445 	 42.2863 	 84.1963 
POP-99 	 0.00421667 	 0 	 0 	 0 	 0 	 0 	 1.8786 	 3.2312 	 8.26309 	 16.4971 	 41.6554 	 98.7233 
POP-100 	 0.999375 	 1 	 1 	 1 	 1 	 1 	 2.4446 	 4.54501 	 9.43199 	 23.4969 	 79.1832 	 179.156 
