Population	 Frequency at Bottleneck 5	 Frequency at Bottleneck 10	 Frequency at Bottleneck 15	 Frequency at Bottleneck 20	 Whole Population Fitness Average at Bottleneck 5	 Whole Population Fitness Average at Bottleneck 10	 Whole Population Fitness Average at Bottleneck 15	 Whole Population Fitness Average at Bottleneck 20
POP-1 	 0.502225 	 0.502958 	 0.503 	 0.502342 	 1 	 1 	 1 	 1 
POP-2 	 0.50315 	 0.493717 	 0.492983 	 0.496825 	 1 	 1 	 1 	 1 
POP-3 	 0.504408 	 0.499275 	 0.502833 	 0.504575 	 1 	 1 	 1 	 1 
POP-4 	 0.507725 	 0.505883 	 0.511458 	 0.511267 	 1 	 1 	 1 	 1 
POP-5 	 0.491 	 0.4934 	 0.49585 	 0.487425 	 1 	 1 	 1 	 1 
POP-6 	 0.496692 	 0.7709 	 0.999692 	 1 	 1.00024 	 1.14469 	 1.2718 	 1.27197 
POP-7 	 0.49915 	 0.4985 	 0.489933 	 0.487542 	 1 	 1 	 1.00001 	 1.00027 
POP-8 	 0.493617 	 0.146 	 0.000483333 	 0 	 1.00128 	 1.15412 	 1.21804 	 1.21827 
POP-9 	 0.503367 	 0.503233 	 0.505508 	 0.502617 	 1 	 1 	 1 	 1 
POP-10 	 0.495167 	 0.49925 	 0.509258 	 0.527058 	 1 	 1 	 1.00004 	 1.01259 
POP-11 	 0.4965 	 0.503708 	 0.495458 	 0.503742 	 1 	 1 	 1 	 1 
POP-12 	 0.491967 	 0.493675 	 0.499908 	 0.491317 	 1 	 1 	 1 	 1.00001 
POP-13 	 0.484692 	 0.4952 	 0.497208 	 0.491217 	 1 	 1 	 1 	 1 
POP-14 	 0.4941 	 0.481408 	 0.470167 	 0.470808 	 1 	 1 	 1 	 1 
POP-15 	 0.493558 	 0.490875 	 0.4924 	 0.485283 	 1 	 1 	 1 	 1 
POP-16 	 0.501292 	 0.504575 	 0.5051 	 0.514325 	 1 	 1 	 1 	 1 
POP-17 	 0.497908 	 0.492967 	 0.494817 	 0.498192 	 1 	 1 	 1 	 1 
POP-18 	 0.497175 	 0.499217 	 0.493533 	 0.491508 	 1 	 1 	 1 	 1 
POP-19 	 0.505242 	 0.504917 	 0.511583 	 0.509292 	 1 	 1 	 1 	 1 
POP-20 	 0.498233 	 0.499583 	 0.495217 	 0.511658 	 1 	 1 	 1 	 1 
POP-21 	 0.495775 	 0.490067 	 0.490325 	 0.49185 	 1 	 1 	 1 	 1 
POP-22 	 0.5046 	 0.492767 	 0.494083 	 0.484683 	 1 	 1 	 1 	 1 
POP-23 	 0.504733 	 0.500575 	 0.500533 	 0.503558 	 1 	 1 	 1 	 1 
POP-24 	 0.495633 	 0.488575 	 0.486967 	 0.495967 	 1 	 1 	 1 	 1 
POP-25 	 0.496217 	 0.502142 	 0.506308 	 0.5066 	 1 	 1 	 1 	 1 
POP-26 	 0.497783 	 0.504117 	 0.507067 	 0.505375 	 1 	 1 	 1 	 1 
POP-27 	 0.503467 	 0.497292 	 0.563558 	 0.998308 	 1 	 1.00003 	 1.04045 	 1.28708 
POP-28 	 0.506383 	 0.500692 	 0.514183 	 0.515342 	 1 	 1 	 1 	 1 
POP-29 	 0.499025 	 0.494567 	 0.494117 	 0.491325 	 1 	 1 	 1 	 1.00002 
POP-30 	 0.488633 	 0.498517 	 0.499142 	 0.497875 	 1 	 1 	 1 	 1 
POP-31 	 0.5002 	 0.5006 	 0.498158 	 0.491775 	 1 	 1 	 1 	 1.00002 
POP-32 	 0.509608 	 0.504092 	 0.5068 	 0.511725 	 1 	 1 	 1 	 1 
POP-33 	 0.505633 	 0.508633 	 0.511625 	 0.515825 	 1 	 1.00001 	 1.00001 	 1.00002 
POP-34 	 0.492467 	 0.483 	 0.482383 	 0.488667 	 1 	 1 	 1 	 1 
POP-35 	 0.498625 	 0.50195 	 0.504867 	 0.5201 	 1 	 1 	 1 	 1 
POP-36 	 0.496217 	 0.5046 	 0.493125 	 0.495242 	 1 	 1 	 1 	 1 
POP-37 	 0.498267 	 0.489767 	 0.492183 	 0.487342 	 1 	 1 	 1 	 1 
POP-38 	 0.493817 	 0.487008 	 0.486867 	 0.486 	 1 	 1 	 1 	 1 
POP-39 	 0.494167 	 0.497583 	 0.50405 	 0.503067 	 1 	 1 	 1 	 1 
POP-40 	 0.498025 	 0.492358 	 0.481133 	 0.48055 	 1 	 1 	 1 	 1 
POP-41 	 0.50265 	 0.490758 	 0.48225 	 0.482558 	 1 	 1 	 1 	 1 
POP-42 	 0.502808 	 0.506317 	 0.509733 	 0.515775 	 1 	 1 	 1 	 1 
POP-43 	 0.494575 	 0.5002 	 0.50435 	 0.4968 	 1 	 1 	 1 	 1 
POP-44 	 0.50445 	 0.500125 	 0.504517 	 0.508592 	 1 	 1 	 1 	 1 
POP-45 	 0.498608 	 0.496458 	 0.498758 	 0.492525 	 1 	 1 	 1 	 1 
POP-46 	 0.503517 	 0.496192 	 0.499558 	 0.4901 	 1 	 1 	 1.00006 	 1.00153 
POP-47 	 0.502367 	 0.50645 	 0.497992 	 0.50025 	 1 	 1 	 1 	 1 
POP-48 	 0.50395 	 0.502008 	 0.508425 	 0.50065 	 1 	 1 	 1 	 1 
POP-49 	 0.494342 	 0.00105 	 0 	 0 	 1.00357 	 1.44157 	 1.44248 	 1.44248 
POP-50 	 0.492958 	 0.480983 	 0.47225 	 0.47455 	 1 	 1 	 1 	 1 
POP-51 	 0.498542 	 0.51075 	 0.5138 	 0.509725 	 1 	 1 	 1 	 1.0001 
POP-52 	 0.492033 	 0.493325 	 0.493508 	 0.494275 	 1 	 1 	 1 	 1 
POP-53 	 0.510417 	 0.51025 	 0.520392 	 0.524108 	 1 	 1 	 1 	 1 
POP-54 	 0.504158 	 0.493875 	 0.492342 	 0.494333 	 1 	 1 	 1 	 1 
POP-55 	 0.493408 	 0.501175 	 0.505692 	 0.497725 	 1 	 1 	 1 	 1 
POP-56 	 0.494192 	 0.5004 	 0.495208 	 0.488658 	 1 	 1 	 1 	 1 
POP-57 	 0.494492 	 0.494317 	 0.502392 	 0.496175 	 1 	 1 	 1 	 1 
POP-58 	 0.494583 	 0.4906 	 0.496608 	 0.496308 	 1 	 1 	 1 	 1 
POP-59 	 0.50275 	 0.494225 	 0.499667 	 0.497025 	 1 	 1 	 1 	 1 
POP-60 	 0.499992 	 0.493925 	 0.49875 	 0.486708 	 1 	 1 	 1 	 1 
POP-61 	 0.509108 	 0.509442 	 0.4943 	 0.493317 	 1 	 1 	 1 	 1 
POP-62 	 0.490708 	 0.49945 	 0.501175 	 0.495525 	 1 	 1 	 1 	 1 
POP-63 	 0.494042 	 0.48895 	 0.487883 	 0.489992 	 1 	 1 	 1 	 1 
POP-64 	 0.507125 	 0.503883 	 0.505858 	 0.500433 	 1 	 1 	 1 	 1 
POP-65 	 0.496217 	 0.492267 	 0.497133 	 0.504433 	 1 	 1 	 1 	 1 
POP-66 	 0.494917 	 0.503967 	 0.496983 	 0.561892 	 1 	 1 	 1.00012 	 1.02578 
POP-67 	 0.507642 	 0.503692 	 0.490425 	 0.36255 	 1.00001 	 1.00027 	 1.00285 	 1.02551 
POP-68 	 0.495758 	 0.485875 	 0.4897 	 0.491983 	 1 	 1 	 1 	 1 
POP-69 	 0.501225 	 0.515958 	 0.0691333 	 1.66667e-05 	 1 	 1.00025 	 1.31076 	 1.35723 
POP-70 	 0.4914 	 0.483242 	 0.477775 	 0.313042 	 1 	 1 	 1.00008 	 1.09601 
POP-71 	 0.49355 	 0.486 	 0.492292 	 0.497658 	 1 	 1 	 1 	 1 
POP-72 	 0.495667 	 0.496167 	 0.49825 	 0.5039 	 1 	 1 	 1 	 1 
POP-73 	 0.496525 	 0.494875 	 0.498058 	 0.496667 	 1 	 1 	 1 	 1.00003 
POP-74 	 0.488758 	 0.50215 	 0.49565 	 0.493333 	 1 	 1 	 1 	 1 
POP-75 	 0.4983 	 0.507783 	 0.513758 	 0.515867 	 1 	 1 	 1.00001 	 1.00006 
POP-76 	 0.500283 	 0.506108 	 0.513925 	 0.515025 	 1 	 1 	 1 	 1 
POP-77 	 0.494667 	 0.504508 	 0.522258 	 0.946358 	 1 	 1.00002 	 1.00693 	 1.17677 
POP-78 	 0.502617 	 0.501192 	 0.50535 	 0.49875 	 1 	 1 	 1 	 1 
POP-79 	 0.503108 	 0.499817 	 0.495183 	 0.489525 	 1 	 1 	 1 	 1 
POP-80 	 0.5001 	 0.49605 	 0.5026 	 0.501842 	 1 	 1 	 1 	 1 
POP-81 	 0.500842 	 0.497 	 0.501333 	 0.486817 	 1 	 1 	 1 	 1 
POP-82 	 0.490217 	 0.489975 	 0.490333 	 0.488042 	 1 	 1 	 1 	 1 
POP-83 	 0.504 	 0.501975 	 0.505842 	 0.509725 	 1 	 1 	 1 	 1 
POP-84 	 0.491367 	 0.496267 	 0.495208 	 0.504517 	 1 	 1 	 1 	 1 
POP-85 	 0.501808 	 0.503175 	 0.493475 	 0.111667 	 1 	 1.00004 	 1.00506 	 1.13143 
POP-86 	 0.506075 	 0.505533 	 0.497992 	 0.494917 	 1 	 1 	 1 	 1 
POP-87 	 0.497067 	 0.501817 	 0.499817 	 0.502375 	 1 	 1 	 1 	 1 
POP-88 	 0.502842 	 0.499767 	 0.505475 	 0.497325 	 1 	 1 	 1.00001 	 1.00686 
POP-89 	 0.513142 	 0.512875 	 0.513725 	 0.5128 	 1 	 1 	 1 	 1 
POP-90 	 0.500033 	 0.49495 	 0.486183 	 0.680175 	 1.00003 	 1.00032 	 1.00553 	 1.09925 
POP-91 	 0.502767 	 0.373508 	 0.00471667 	 8.33333e-06 	 1.00023 	 1.05665 	 1.21241 	 1.21422 
POP-92 	 0.494475 	 0.495458 	 0.492917 	 0.496792 	 1 	 1 	 1 	 1 
POP-93 	 0.505225 	 0.5124 	 0.509742 	 0.511875 	 1 	 1 	 1 	 1 
POP-94 	 0.505075 	 0.850642 	 1 	 1 	 1.00001 	 1.3288 	 1.47282 	 1.47282 
POP-95 	 0.502025 	 0.501967 	 0.49935 	 0.356733 	 1 	 1.00005 	 1.00139 	 1.03739 
POP-96 	 0.499017 	 0.502917 	 0.504083 	 0.502917 	 1 	 1 	 1 	 1 
POP-97 	 0.502717 	 0.504808 	 0.54895 	 0.9963 	 1 	 1.00003 	 1.02354 	 1.26939 
POP-98 	 0.504692 	 0.504942 	 0.504625 	 0.5036 	 1 	 1 	 1 	 1 
POP-99 	 0.503025 	 0.503625 	 0.511958 	 0.137825 	 1 	 1.00002 	 1.00326 	 1.1286 
POP-100 	 0.5043 	 0.496742 	 0.508667 	 0.512192 	 1 	 1 	 1 	 1 
