Population	 Frequency at Bottleneck 10	 Frequency at Bottleneck 20	 Frequency at Bottleneck 30	 Frequency at Bottleneck 40	 Frequency at Bottleneck 50	 Frequency at Bottleneck 60	 Whole Population Fitness Average at Bottleneck 10	 Whole Population Fitness Average at Bottleneck 20	 Whole Population Fitness Average at Bottleneck 30	 Whole Population Fitness Average at Bottleneck 40	 Whole Population Fitness Average at Bottleneck 50	 Whole Population Fitness Average at Bottleneck 60
POP-1 	 0.941925 	 1 	 1 	 1 	 1 	 1 	 1.40284 	 2.82374 	 3.53295 	 5.35649 	 8.05375 	 12.3015 
POP-2 	 0.398233 	 0.9989 	 1 	 1 	 1 	 1 	 1.30225 	 1.71509 	 2.60399 	 4.25545 	 6.77631 	 9.42438 
POP-3 	 0.988117 	 0.999975 	 1 	 1 	 1 	 1 	 1.28167 	 1.98382 	 2.84126 	 4.69898 	 7.22164 	 14.5225 
POP-4 	 0.264825 	 0 	 0 	 0 	 0 	 0 	 1.22835 	 1.94254 	 2.82168 	 4.39404 	 6.00359 	 11.0283 
POP-5 	 0.957683 	 1 	 1 	 1 	 1 	 1 	 1.23487 	 1.81476 	 2.38312 	 3.44879 	 6.32243 	 9.26322 
POP-6 	 0.459242 	 0.99995 	 1 	 1 	 1 	 1 	 1.34202 	 2.16206 	 3.62886 	 5.44398 	 8.04904 	 12.1821 
POP-7 	 0.999942 	 1 	 1 	 1 	 1 	 1 	 1.54659 	 2.58216 	 4.27925 	 5.90533 	 10.3984 	 14.9756 
POP-8 	 0.296183 	 0 	 0 	 0 	 0 	 0 	 1.34555 	 1.80761 	 2.53396 	 3.41593 	 5.30179 	 7.76418 
POP-9 	 0.895967 	 1 	 1 	 1 	 1 	 1 	 1.32353 	 2.18828 	 3.62078 	 5.0224 	 7.66037 	 12.1135 
POP-10 	 0.99665 	 0.996942 	 1 	 1 	 1 	 1 	 1.39896 	 1.84216 	 2.86017 	 5.43832 	 7.6299 	 12.002 
POP-11 	 0.204025 	 0.00196667 	 0 	 0 	 0 	 0 	 1.40219 	 1.8645 	 2.34343 	 3.87987 	 6.37167 	 15.5745 
POP-12 	 0.99995 	 1 	 1 	 1 	 1 	 1 	 1.47586 	 2.48743 	 3.47349 	 6.107 	 8.29996 	 11.9754 
POP-13 	 0.40355 	 0.006875 	 0.0001 	 0 	 0 	 0 	 1.23313 	 1.63382 	 2.17164 	 3.30468 	 6.80767 	 10.1714 
POP-14 	 0.395058 	 0.252758 	 0.994233 	 1 	 1 	 1 	 1.30835 	 1.82847 	 3.20677 	 4.19283 	 5.65517 	 7.66651 
POP-15 	 0.741083 	 0.596825 	 0.0984083 	 4.16667e-05 	 0 	 0 	 1.30524 	 1.63837 	 1.99169 	 3.32827 	 6.64985 	 10.2555 
POP-16 	 0.975892 	 1 	 1 	 1 	 1 	 1 	 1.29328 	 2.26388 	 3.66033 	 5.55329 	 9.91141 	 13.2745 
POP-17 	 0.0214583 	 0 	 0 	 0 	 0 	 0 	 1.3753 	 2.50384 	 3.52525 	 4.51305 	 8.29981 	 15.3631 
POP-18 	 0.958658 	 1 	 1 	 1 	 1 	 1 	 1.33237 	 2.04056 	 3.34639 	 6.30963 	 9.47457 	 13.5838 
POP-19 	 0.129283 	 2.5e-05 	 0 	 0 	 0 	 0 	 1.38004 	 1.88126 	 2.81385 	 3.95786 	 5.86853 	 8.80989 
POP-20 	 0.0222667 	 0 	 0 	 0 	 0 	 0 	 1.32195 	 1.76525 	 2.91218 	 4.46007 	 6.0109 	 9.26227 
POP-21 	 0.997767 	 1 	 1 	 1 	 1 	 1 	 1.45026 	 2.30008 	 3.12085 	 4.96668 	 8.6889 	 16.2482 
POP-22 	 0.404092 	 0.793317 	 1 	 1 	 1 	 1 	 1.27985 	 2.34304 	 4.20683 	 6.47258 	 9.76852 	 13.5308 
POP-23 	 0.0125167 	 0 	 0 	 0 	 0 	 0 	 1.43788 	 2.15156 	 3.56473 	 4.82417 	 6.49647 	 8.03269 
POP-24 	 0.00205 	 0 	 0 	 0 	 0 	 0 	 1.39711 	 1.88966 	 3.01212 	 5.26484 	 7.95311 	 10.8844 
POP-25 	 0.134208 	 0 	 0 	 0 	 0 	 0 	 1.34343 	 2.02487 	 2.96876 	 4.70911 	 6.15534 	 8.30618 
POP-26 	 0.689533 	 0.454275 	 0.001375 	 0 	 0 	 0 	 1.36328 	 1.82011 	 2.41465 	 3.04229 	 5.39498 	 7.96451 
POP-27 	 0.0919 	 0 	 0 	 0 	 0 	 0 	 1.33422 	 2.14186 	 3.07623 	 4.14578 	 6.03775 	 8.83959 
POP-28 	 0.849483 	 0.982675 	 1 	 1 	 1 	 1 	 1.28754 	 1.85059 	 3.18484 	 5.14828 	 7.33458 	 10.1465 
POP-29 	 0.454983 	 0.00544167 	 0.000808333 	 0 	 0 	 0 	 1.33011 	 1.80947 	 2.53503 	 3.52294 	 5.87436 	 8.77911 
POP-30 	 0.879883 	 0.999475 	 1 	 1 	 1 	 1 	 1.37916 	 1.57216 	 2.75193 	 3.8538 	 5.40156 	 7.41701 
POP-31 	 0.240042 	 2.5e-05 	 0 	 0 	 0 	 0 	 1.45434 	 1.94736 	 2.55092 	 4.19347 	 6.25203 	 9.47371 
POP-32 	 0.697067 	 0.974442 	 1 	 1 	 1 	 1 	 1.33567 	 1.79279 	 2.85041 	 5.15099 	 10.0658 	 13.7292 
POP-33 	 0.701667 	 0.00404167 	 0 	 0 	 0 	 0 	 1.32585 	 2.53519 	 3.77722 	 4.93036 	 9.26431 	 17.4292 
POP-34 	 0.00119167 	 0 	 0 	 0 	 0 	 0 	 1.41146 	 2.26447 	 3.35684 	 5.20971 	 10.9742 	 16.2488 
POP-35 	 0.183217 	 0.02125 	 0 	 0 	 0 	 0 	 1.18806 	 1.85005 	 2.43659 	 3.24073 	 4.60956 	 8.29836 
POP-36 	 0.016225 	 0 	 0 	 0 	 0 	 0 	 1.33566 	 1.82175 	 2.93456 	 4.5475 	 7.55071 	 11.2769 
POP-37 	 0.74655 	 0.00249167 	 0 	 0 	 0 	 0 	 1.2802 	 2.19321 	 2.96325 	 5.50672 	 9.38116 	 13.9439 
POP-38 	 0.509167 	 0.975317 	 1 	 1 	 1 	 1 	 1.00585 	 1.21405 	 1.66105 	 2.21667 	 4.121 	 6.92487 
POP-39 	 0.264058 	 0.0330167 	 0 	 0 	 0 	 0 	 1.50093 	 1.92312 	 3.27999 	 4.38025 	 7.02569 	 9.83254 
POP-40 	 0.999408 	 1 	 1 	 1 	 1 	 1 	 1.4361 	 2.2858 	 3.40144 	 6.10259 	 9.03831 	 15.721 
POP-41 	 0.0128 	 0 	 0 	 0 	 0 	 0 	 1.348 	 1.96953 	 3.54808 	 4.98503 	 9.06073 	 13.6854 
POP-42 	 0.0263083 	 0 	 0 	 0 	 0 	 0 	 1.38474 	 2.57313 	 3.20553 	 5.30175 	 8.33879 	 10.8435 
POP-43 	 0.00291667 	 0 	 0 	 0 	 0 	 0 	 1.41387 	 2.38722 	 3.66297 	 5.0993 	 6.56803 	 11.5632 
POP-44 	 0.120092 	 0.992017 	 1 	 1 	 1 	 1 	 1.39707 	 2.06983 	 3.43591 	 5.12932 	 7.39112 	 12.7245 
POP-45 	 0.503275 	 0.305017 	 0.00055 	 0 	 0 	 0 	 1.36123 	 2.14447 	 3.21651 	 4.52684 	 7.71121 	 13.8923 
POP-46 	 0.870992 	 0.999992 	 1 	 1 	 1 	 1 	 1.31403 	 2.29134 	 3.26155 	 6.05887 	 8.60565 	 15.9419 
POP-47 	 0.960883 	 0.996442 	 1 	 1 	 1 	 1 	 1.2452 	 1.74707 	 2.54714 	 4.56834 	 5.94326 	 8.62398 
POP-48 	 0.168692 	 0.02395 	 0 	 0 	 0 	 0 	 1.25327 	 1.70394 	 3.26903 	 4.37142 	 7.21001 	 12.3003 
POP-49 	 0.259608 	 0.0003 	 0 	 0 	 0 	 0 	 1.1297 	 1.71631 	 2.8314 	 4.35618 	 5.8522 	 8.81897 
POP-50 	 0.752958 	 0.999633 	 1 	 1 	 1 	 1 	 1.39761 	 2.20262 	 3.03555 	 4.08867 	 6.85692 	 12.174 
POP-51 	 0.518683 	 0.999975 	 1 	 1 	 1 	 1 	 1.00959 	 1.91912 	 2.73489 	 4.86541 	 8.21189 	 12.4322 
POP-52 	 0 	 0 	 0 	 0 	 0 	 0 	 2.09508 	 3.01507 	 3.88354 	 5.60831 	 8.72833 	 12.615 
POP-53 	 0.118325 	 0.549833 	 0.299317 	 0.017875 	 0 	 0 	 1.28796 	 1.44292 	 1.94234 	 3.16562 	 5.41748 	 8.13113 
POP-54 	 0.993683 	 1 	 1 	 1 	 1 	 1 	 1.42496 	 2.16365 	 2.64092 	 3.71855 	 6.16033 	 7.86748 
POP-55 	 0.318575 	 0.96275 	 1 	 1 	 1 	 1 	 1.3157 	 1.75128 	 2.83114 	 3.99599 	 6.58801 	 9.07733 
POP-56 	 0.0007 	 0 	 0 	 0 	 0 	 0 	 1.37445 	 1.75427 	 2.78339 	 4.42482 	 5.33789 	 8.38447 
POP-57 	 0.985125 	 1 	 1 	 1 	 1 	 1 	 1.44075 	 2.1276 	 3.01212 	 5.56547 	 7.95268 	 12.658 
POP-58 	 0.181783 	 0.00138333 	 0 	 0 	 0 	 0 	 1.29755 	 2.12698 	 2.71839 	 3.38715 	 4.56513 	 6.94497 
POP-59 	 0.015175 	 0 	 0 	 0 	 0 	 0 	 1.29851 	 1.93453 	 3.55222 	 7.14314 	 10.1927 	 18.5316 
POP-60 	 0.437133 	 0.742425 	 0.999917 	 1 	 1 	 1 	 1.20332 	 1.45646 	 2.09108 	 3.56088 	 5.1047 	 9.08502 
POP-61 	 0.940125 	 1 	 1 	 1 	 1 	 1 	 1.36013 	 2.24932 	 2.9292 	 4.03505 	 7.08669 	 9.30633 
POP-62 	 0.672583 	 0.983242 	 0.94315 	 1 	 1 	 1 	 1.16861 	 1.85454 	 3.08606 	 4.683 	 7.74657 	 11.1172 
POP-63 	 0.00188333 	 0 	 0 	 0 	 0 	 0 	 1.39818 	 1.90128 	 3.64815 	 7.1792 	 11.6236 	 17.8903 
POP-64 	 0.0001 	 0 	 0 	 0 	 0 	 0 	 1.88629 	 2.84628 	 5.68434 	 8.5248 	 11.6801 	 17.0518 
POP-65 	 0.232908 	 0.501042 	 0.998375 	 1 	 1 	 1 	 1.31696 	 1.71635 	 2.78034 	 3.75019 	 4.72046 	 6.67597 
POP-66 	 0.877592 	 0.994708 	 1 	 1 	 1 	 1 	 1.28463 	 1.79167 	 2.34964 	 3.23443 	 6.96649 	 10.7551 
POP-67 	 0.519792 	 0.1097 	 2.5e-05 	 0 	 0 	 0 	 1.01506 	 1.29741 	 2.14108 	 3.81807 	 6.04579 	 7.89166 
POP-68 	 0.7417 	 0.991508 	 1 	 1 	 1 	 1 	 1.17673 	 1.70582 	 2.69104 	 4.22689 	 7.01418 	 10.5723 
POP-69 	 0.267925 	 4.16667e-05 	 0 	 0 	 0 	 0 	 1.38444 	 1.92035 	 2.66239 	 4.00591 	 5.80215 	 7.17185 
POP-70 	 0.0780333 	 0.291883 	 0.932825 	 1 	 1 	 1 	 1.22971 	 1.59999 	 2.43482 	 3.36917 	 4.62377 	 8.16996 
POP-71 	 0.50835 	 0 	 0 	 0 	 0 	 0 	 1.14454 	 1.89903 	 2.34028 	 3.28648 	 6.79022 	 8.4931 
POP-72 	 0.967225 	 1 	 1 	 1 	 1 	 1 	 1.5524 	 2.51045 	 3.47043 	 5.52711 	 8.9529 	 12.7358 
POP-73 	 0.31675 	 0.0225083 	 0 	 0 	 0 	 0 	 1.41405 	 2.02193 	 3.38551 	 6.33533 	 9.1478 	 15.512 
POP-74 	 0.99765 	 1 	 1 	 1 	 1 	 1 	 1.4649 	 2.07646 	 3.33951 	 5.08318 	 7.88602 	 12.659 
POP-75 	 0.0402917 	 0 	 0 	 0 	 0 	 0 	 1.41956 	 2.0686 	 3.60577 	 5.52546 	 7.59667 	 13.312 
POP-76 	 0.914017 	 0.970025 	 1 	 1 	 1 	 1 	 1.40471 	 1.85554 	 2.55934 	 4.89991 	 9.18313 	 12.251 
POP-77 	 0.386833 	 0.00123333 	 0 	 0 	 0 	 0 	 1.3839 	 1.74322 	 2.04919 	 3.77693 	 6.21164 	 9.18665 
POP-78 	 0.987742 	 1 	 1 	 1 	 1 	 1 	 1.32542 	 1.75032 	 3.13386 	 4.63608 	 6.40173 	 9.38038 
POP-79 	 0.785592 	 1 	 1 	 1 	 1 	 1 	 1.16962 	 1.93783 	 2.78411 	 3.67098 	 5.64089 	 7.44444 
POP-80 	 0.214858 	 0.996892 	 1 	 1 	 1 	 1 	 1.38145 	 2.32115 	 3.54187 	 5.21494 	 7.41643 	 13.0968 
POP-81 	 0.01145 	 0 	 0 	 0 	 0 	 0 	 1.34423 	 1.99713 	 3.11009 	 5.22019 	 6.36094 	 9.85341 
POP-82 	 0.253883 	 0.354958 	 0.979542 	 1 	 1 	 1 	 1.29855 	 1.68683 	 2.72864 	 3.6963 	 6.10918 	 10.5863 
POP-83 	 0.227483 	 0.000141667 	 0 	 0 	 0 	 0 	 1.36878 	 1.88557 	 2.46241 	 4.14837 	 5.64659 	 8.32363 
POP-84 	 0.427583 	 0.0129833 	 0 	 0 	 0 	 0 	 1.26117 	 1.81677 	 2.35917 	 4.32209 	 6.46708 	 8.54167 
POP-85 	 0.999658 	 1 	 1 	 1 	 1 	 1 	 1.48747 	 4.26916 	 6.04697 	 9.80753 	 13.2928 	 23.1658 
POP-86 	 0.871525 	 0.675733 	 1 	 1 	 1 	 1 	 1.28131 	 2.05344 	 3.35616 	 4.30405 	 7.74158 	 10.715 
POP-87 	 0.661458 	 0.00174167 	 0 	 0 	 0 	 0 	 1.46189 	 1.91413 	 3.88711 	 5.19514 	 6.60193 	 8.47472 
POP-88 	 0.0558333 	 5.83333e-05 	 0 	 0 	 0 	 0 	 1.35736 	 1.73259 	 2.14337 	 3.28427 	 5.92847 	 8.33353 
POP-89 	 0.498383 	 0.82125 	 1 	 1 	 1 	 1 	 1.30996 	 2.09587 	 2.86181 	 4.49823 	 6.13088 	 10.5163 
POP-90 	 0.481633 	 0.441942 	 0.841983 	 0.7891 	 0.964983 	 1 	 1.32319 	 1.87692 	 2.85003 	 4.8663 	 7.28533 	 10.1075 
POP-91 	 0.0602917 	 0 	 0 	 0 	 0 	 0 	 1.56276 	 2.29225 	 3.68582 	 5.92068 	 9.00156 	 15.8902 
POP-92 	 0.00619167 	 0 	 0 	 0 	 0 	 0 	 1.52142 	 2.05719 	 3.94633 	 6.10995 	 8.74817 	 15.4223 
POP-93 	 0.00173333 	 0 	 0 	 0 	 0 	 0 	 1.38375 	 2.18571 	 3.10148 	 4.59282 	 7.76303 	 11.1845 
POP-94 	 0.275542 	 0.00298333 	 0 	 0 	 0 	 0 	 1.27359 	 1.77799 	 3.32968 	 5.11191 	 8.25178 	 14.838 
POP-95 	 0.3164 	 0.21095 	 0.082875 	 0.00276667 	 0 	 0 	 1.31278 	 1.82122 	 2.73588 	 3.86488 	 5.32217 	 7.05678 
POP-96 	 0.989992 	 1 	 1 	 1 	 1 	 1 	 1.40034 	 1.91632 	 2.67397 	 5.04724 	 7.19618 	 10.4358 
POP-97 	 0.55175 	 0.7508 	 0.995817 	 1 	 1 	 1 	 1.02267 	 1.32427 	 2.01819 	 3.82147 	 5.48645 	 10.067 
POP-98 	 0.410167 	 0.00361667 	 0 	 0 	 0 	 0 	 1.20909 	 1.9257 	 3.37079 	 4.4754 	 6.18647 	 9.49793 
POP-99 	 0.030075 	 0 	 0 	 0 	 0 	 0 	 1.34789 	 1.99825 	 2.56529 	 3.7757 	 7.33739 	 14.0169 
POP-100 	 0.000183333 	 0 	 0 	 0 	 0 	 0 	 1.53218 	 3.27727 	 4.4166 	 6.0703 	 10.7738 	 19.3092 
