Population	 Frequency at Bottleneck 10	 Frequency at Bottleneck 20	 Frequency at Bottleneck 30	 Frequency at Bottleneck 40	 Frequency at Bottleneck 50	 Frequency at Bottleneck 60	 Whole Population Fitness Average at Bottleneck 10	 Whole Population Fitness Average at Bottleneck 20	 Whole Population Fitness Average at Bottleneck 30	 Whole Population Fitness Average at Bottleneck 40	 Whole Population Fitness Average at Bottleneck 50	 Whole Population Fitness Average at Bottleneck 60
POP-1 	 0.494817 	 0.501675 	 0.998992 	 1 	 1 	 1 	 1 	 1.00009 	 1.29267 	 1.91498 	 2.33079 	 2.42919 
POP-2 	 0.001975 	 0 	 0 	 0 	 0 	 0 	 1.45262 	 1.96073 	 2.17044 	 2.67419 	 3.48154 	 3.86001 
POP-3 	 0.488108 	 0.992742 	 1 	 1 	 1 	 1 	 1.00034 	 1.45757 	 1.51068 	 2.15858 	 2.69242 	 3.28525 
POP-4 	 0.494125 	 0.494958 	 0.487392 	 0.000191667 	 0 	 0 	 1 	 1 	 1.00001 	 1.33701 	 1.33712 	 1.33712 
POP-5 	 0.150542 	 0 	 0 	 0 	 0 	 0 	 1.1875 	 1.61645 	 1.66163 	 2.27152 	 2.27711 	 2.27841 
POP-6 	 0.502142 	 0.517367 	 0.000191667 	 0 	 0 	 0 	 1 	 1.00044 	 1.28044 	 1.65643 	 1.69359 	 2.34862 
POP-7 	 0.489158 	 0 	 0 	 0 	 0 	 0 	 1.00109 	 1.47998 	 1.97408 	 2.20272 	 2.9399 	 3.89172 
POP-8 	 0.512083 	 0.000325 	 0 	 0 	 0 	 0 	 1.00007 	 1.32036 	 1.32055 	 1.3511 	 1.65345 	 1.79808 
POP-9 	 0.489808 	 0.235775 	 0.0313667 	 0 	 0 	 0 	 1.00122 	 1.18685 	 1.4859 	 1.77355 	 1.80218 	 2.26001 
POP-10 	 0.0228583 	 0 	 0 	 0 	 0 	 0 	 1.30346 	 1.68102 	 2.25354 	 3.01048 	 4.10527 	 6.87544 
POP-11 	 0.503625 	 0.503908 	 0.42 	 0.528417 	 0.629967 	 0.701342 	 1 	 1.00021 	 1.31569 	 1.31672 	 1.31765 	 1.31831 
POP-12 	 0.123292 	 0 	 0 	 0 	 0 	 0 	 1.34782 	 1.46996 	 1.83436 	 2.3993 	 3.18934 	 4.01449 
POP-13 	 0.502992 	 0.812025 	 0.0863667 	 0.983 	 1 	 1 	 1.0001 	 1.28634 	 1.4114 	 1.65178 	 2.23878 	 3.17883 
POP-14 	 0.502008 	 0.999692 	 1 	 1 	 1 	 1 	 1.00075 	 1.24844 	 1.26153 	 1.68612 	 1.74333 	 1.80817 
POP-15 	 0.495017 	 0.501725 	 0.515942 	 1 	 1 	 1 	 1 	 1 	 1.00567 	 1.54346 	 1.97571 	 2.00351 
POP-16 	 0.891533 	 1 	 1 	 1 	 1 	 1 	 1.28913 	 1.37165 	 2.36963 	 2.38684 	 2.47402 	 3.25011 
POP-17 	 0.217242 	 0 	 0 	 0 	 0 	 0 	 1.17674 	 1.48147 	 2.11076 	 2.65945 	 3.31914 	 3.33256 
POP-18 	 0.492392 	 0.492533 	 0.469792 	 0 	 0 	 0 	 1 	 1 	 1.01168 	 1.30499 	 1.32908 	 1.6008 
POP-19 	 0.532458 	 1 	 1 	 1 	 1 	 1 	 1.03222 	 1.40831 	 1.6991 	 2.5395 	 2.5395 	 2.61208 
POP-20 	 0.588567 	 0.999983 	 1 	 1 	 1 	 1 	 1.04061 	 1.23664 	 1.51704 	 1.54716 	 2.09559 	 2.81905 
POP-21 	 0.576692 	 1 	 1 	 1 	 1 	 1 	 1.05927 	 1.39739 	 2.07106 	 2.72477 	 3.44902 	 4.23013 
POP-22 	 0.502142 	 0.09145 	 0 	 0 	 0 	 0 	 1.00007 	 1.14009 	 1.17727 	 1.53218 	 2.0138 	 2.67754 
POP-23 	 0.191025 	 0 	 0 	 0 	 0 	 0 	 1.18978 	 1.74737 	 2.21294 	 2.21414 	 2.21689 	 2.22479 
POP-24 	 0.489117 	 0.69685 	 0.914842 	 1 	 1 	 1 	 1.00001 	 1.21336 	 1.37688 	 1.52045 	 1.84279 	 1.84287 
POP-25 	 0.494075 	 0.999583 	 1 	 1 	 1 	 1 	 1.00078 	 1.32011 	 1.63274 	 2.07295 	 2.56484 	 2.56596 
POP-26 	 0.975142 	 0.999858 	 1 	 1 	 1 	 1 	 1.49617 	 1.87814 	 2.31884 	 2.46217 	 2.49699 	 3.28025 
POP-27 	 0.498725 	 0.454358 	 0.00195 	 0 	 0 	 0 	 1 	 1.01775 	 1.30438 	 1.4289 	 1.47536 	 1.86521 
POP-28 	 0.999992 	 1 	 1 	 1 	 1 	 1 	 1.57286 	 2.16964 	 2.80119 	 3.92875 	 5.23023 	 6.33096 
POP-29 	 0.506175 	 0.071525 	 0.0420083 	 0 	 0 	 0 	 1.00003 	 1.17386 	 1.21965 	 1.67124 	 1.68781 	 2.07881 
POP-30 	 0.091175 	 0 	 0 	 0 	 0 	 0 	 1.24559 	 1.5978 	 1.70702 	 2.01037 	 2.02276 	 2.02726 
POP-31 	 0.306533 	 0.999825 	 1 	 1 	 1 	 1 	 1.12239 	 1.91269 	 2.19758 	 2.651 	 3.18224 	 4.15749 
POP-32 	 0.497408 	 0.499533 	 0.9984 	 1 	 1 	 1 	 1 	 1.00035 	 1.22161 	 1.44627 	 1.60129 	 1.80982 
POP-33 	 0.497208 	 0.999867 	 1 	 1 	 1 	 1 	 1.00006 	 1.34409 	 1.70556 	 2.21733 	 2.60318 	 2.60759 
POP-34 	 0.499792 	 0.936542 	 0.5525 	 0.956492 	 0.762292 	 0.994592 	 1.00008 	 1.22413 	 1.24981 	 1.57278 	 1.62705 	 1.95422 
POP-35 	 0.4923 	 5.83333e-05 	 0 	 0 	 0 	 0 	 1 	 1.41872 	 1.46193 	 1.93937 	 3.51223 	 3.51847 
POP-36 	 0.496733 	 0.12605 	 7.5e-05 	 0 	 0 	 0 	 1 	 1.21716 	 1.80077 	 2.16143 	 2.72657 	 2.93235 
POP-37 	 0.5142 	 7.5e-05 	 0 	 0 	 0 	 0 	 1.00075 	 1.37668 	 1.94347 	 2.45386 	 2.93206 	 4.24127 
POP-38 	 0.364525 	 0 	 0 	 0 	 0 	 0 	 1.06678 	 1.27892 	 2.01667 	 2.17907 	 2.57818 	 3.21568 
POP-39 	 0.481608 	 0.105592 	 0.415192 	 0.8193 	 1 	 1 	 1.01248 	 1.26732 	 1.27913 	 1.3474 	 1.802 	 2.18818 
POP-40 	 0.486758 	 0.480225 	 0.507525 	 0.719542 	 0.00171667 	 0 	 1 	 1.00012 	 1.22516 	 1.48839 	 1.76726 	 2.5341 
POP-41 	 0.495558 	 0.490242 	 0.002025 	 0 	 0 	 0 	 1 	 1.00025 	 1.22993 	 1.67203 	 2.2457 	 2.8921 
POP-42 	 0.498 	 0.498983 	 0.977917 	 0.999883 	 1 	 1 	 1 	 1.00264 	 1.26209 	 1.50942 	 2.37827 	 3.06218 
POP-43 	 0.492425 	 0.396408 	 0.795158 	 0.999883 	 1 	 1 	 1.00439 	 1.24856 	 1.26398 	 1.64314 	 1.77709 	 1.92452 
POP-44 	 0.24665 	 5e-05 	 0 	 0 	 0 	 0 	 1.1245 	 1.34213 	 1.66894 	 2.12165 	 3.45961 	 4.68662 
POP-45 	 0.671008 	 0.999975 	 1 	 1 	 1 	 1 	 1.06428 	 1.20035 	 1.43875 	 1.79321 	 2.51025 	 2.52286 
POP-46 	 0.498558 	 0.493075 	 0 	 0 	 0 	 0 	 1 	 1.00261 	 1.37531 	 1.37617 	 1.61671 	 2.14712 
POP-47 	 0.932408 	 1 	 1 	 1 	 1 	 1 	 1.29723 	 1.97519 	 2.60132 	 2.6015 	 2.6015 	 2.60151 
POP-48 	 0.495783 	 0.988533 	 0.999617 	 0.999858 	 1 	 1 	 1.00008 	 1.33455 	 1.33716 	 1.66437 	 2.22787 	 2.69107 
POP-49 	 0.00380833 	 0 	 0 	 0 	 0 	 0 	 1.48878 	 1.49397 	 1.74225 	 2.26069 	 2.34224 	 3.29113 
POP-50 	 0.495075 	 0.5115 	 0.999783 	 1 	 1 	 1 	 1 	 1.00572 	 1.25814 	 1.28853 	 1.32199 	 1.55046 
POP-51 	 0.506325 	 0.4759 	 0 	 0 	 0 	 0 	 1 	 1.01482 	 1.27144 	 1.51869 	 1.90417 	 2.43599 
POP-52 	 0.978917 	 0.999908 	 1 	 1 	 1 	 1 	 1.38746 	 1.42937 	 2.27402 	 2.4167 	 2.68525 	 3.49095 
POP-53 	 0.950458 	 1 	 1 	 1 	 1 	 1 	 1.37491 	 1.41896 	 3.2117 	 3.28856 	 4.66655 	 7.18215 
POP-54 	 0.493058 	 0.51695 	 0.00709167 	 0 	 0 	 0 	 1.00003 	 1.26046 	 1.5936 	 2.32053 	 2.321 	 2.90976 
POP-55 	 0.503792 	 0.414717 	 0 	 0 	 0 	 0 	 1 	 1.04607 	 1.25004 	 1.59377 	 1.59452 	 1.79089 
POP-56 	 0.521758 	 1 	 1 	 1 	 1 	 1 	 1.01196 	 1.27254 	 1.27257 	 1.54596 	 1.92447 	 1.95803 
POP-57 	 0.00859167 	 0 	 0 	 0 	 0 	 0 	 1.29695 	 1.70481 	 1.71583 	 2.40743 	 2.41891 	 3.17864 
POP-58 	 0.475258 	 0.474183 	 0.977367 	 1 	 1 	 1 	 1.0134 	 1.25112 	 1.4272 	 1.65929 	 1.96804 	 3.01015 
POP-59 	 0.505 	 0.470208 	 0.000133333 	 0 	 0 	 0 	 1 	 1.01272 	 1.20518 	 1.23078 	 1.50749 	 1.87649 
POP-60 	 0.508417 	 0.737742 	 1 	 1 	 1 	 1 	 1 	 1.11161 	 1.2402 	 1.54573 	 1.60935 	 2.01946 
POP-61 	 0.1278 	 0 	 0 	 0 	 0 	 0 	 1.23958 	 1.41596 	 1.85675 	 2.42272 	 2.42842 	 3.28428 
POP-62 	 0.504208 	 0 	 0 	 0 	 0 	 0 	 1.00232 	 1.32569 	 1.68096 	 1.72447 	 1.92216 	 2.14195 
POP-63 	 0.447408 	 0 	 0 	 0 	 0 	 0 	 1.03207 	 1.42608 	 1.74742 	 2.49177 	 3.4703 	 4.00855 
POP-64 	 0.486208 	 0 	 0 	 0 	 0 	 0 	 1.00012 	 1.43794 	 2.05072 	 3.65538 	 4.68093 	 6.20314 
POP-65 	 0.022975 	 0 	 0 	 0 	 0 	 0 	 1.36646 	 1.86368 	 1.88213 	 2.37264 	 2.60834 	 3.55251 
POP-66 	 0.494533 	 0.998433 	 0.980933 	 0.274783 	 8.33333e-06 	 0 	 1 	 1.30847 	 1.31136 	 1.38966 	 1.7971 	 2.42681 
POP-67 	 0.937258 	 0.713183 	 0.968175 	 1 	 1 	 1 	 1.27079 	 1.29326 	 1.59043 	 2.03058 	 2.03109 	 2.61864 
POP-68 	 0.949375 	 1 	 1 	 1 	 1 	 1 	 1.2566 	 1.40111 	 1.40126 	 1.49907 	 1.61245 	 1.97564 
POP-69 	 0.502883 	 0.00344167 	 0 	 0 	 0 	 0 	 1.00012 	 1.24071 	 1.54126 	 1.55197 	 1.7852 	 2.47032 
POP-70 	 0.524275 	 0.952175 	 0.999125 	 1 	 1 	 1 	 1.00598 	 1.21594 	 1.58587 	 2.47994 	 2.56327 	 3.05328 
POP-71 	 0.563083 	 0.8686 	 1 	 1 	 1 	 1 	 1.02807 	 1.26931 	 1.67577 	 2.24214 	 3.2013 	 4.65541 
POP-72 	 0.51115 	 0.914508 	 0.987558 	 1 	 1 	 1 	 1.00002 	 1.20805 	 1.58569 	 1.63979 	 2.05454 	 2.6458 
POP-73 	 0.4844 	 6.66667e-05 	 0 	 0 	 0 	 0 	 1.00534 	 1.21899 	 1.21904 	 1.44242 	 1.54897 	 1.73575 
POP-74 	 0.502175 	 1 	 1 	 1 	 1 	 1 	 1.00351 	 1.25129 	 1.81503 	 1.81808 	 2.28556 	 3.06249 
POP-75 	 0.560942 	 0.999975 	 1 	 1 	 1 	 1 	 1.03769 	 1.3266 	 1.68167 	 2.60168 	 3.24713 	 4.28377 
POP-76 	 0.493358 	 0.488067 	 0.201658 	 0 	 0 	 0 	 1 	 1.00001 	 1.13405 	 1.22832 	 1.51814 	 1.52982 
POP-77 	 0.504075 	 0.507525 	 0.111425 	 0 	 0 	 0 	 1 	 1 	 1.20894 	 1.26748 	 1.61228 	 1.90202 
POP-78 	 0.612608 	 0.84155 	 0.809308 	 0.999983 	 1 	 1 	 1.06868 	 1.24806 	 1.24865 	 1.62942 	 1.6416 	 1.9302 
POP-79 	 0.573608 	 1 	 1 	 1 	 1 	 1 	 1.03772 	 1.45653 	 1.85993 	 1.86374 	 2.35501 	 2.72135 
POP-80 	 0.4878 	 0.088 	 0 	 0 	 0 	 0 	 1 	 1.19804 	 1.59463 	 1.78224 	 2.71766 	 3.43415 
POP-81 	 0.503233 	 0.506733 	 0.75445 	 1 	 1 	 1 	 1 	 1.00463 	 1.33456 	 1.59365 	 2.03781 	 2.23959 
POP-82 	 0.512633 	 0.512625 	 0.521842 	 0.876092 	 1 	 1 	 1 	 1 	 1.01152 	 1.27609 	 1.75936 	 2.70809 
POP-83 	 0.50925 	 0.0235583 	 0 	 0 	 0 	 0 	 1.00002 	 1.26719 	 1.57866 	 2.10751 	 2.21268 	 2.47685 
POP-84 	 0.896975 	 1 	 1 	 1 	 1 	 1 	 1.24428 	 1.5847 	 1.60171 	 2.33423 	 2.66128 	 2.99536 
POP-85 	 0.496567 	 0.499775 	 0.473842 	 0.961092 	 1 	 1 	 1 	 1.00192 	 1.26792 	 1.38779 	 1.71639 	 2.0276 
POP-86 	 0.647692 	 1 	 1 	 1 	 1 	 1 	 1.07492 	 1.87662 	 1.88002 	 1.88002 	 1.89921 	 2.40646 
POP-87 	 0.50165 	 0.513567 	 0.534375 	 0.969008 	 0.999842 	 1 	 1 	 1 	 1.10921 	 1.2698 	 1.34479 	 1.70649 
POP-88 	 0.623692 	 0.999442 	 1 	 1 	 1 	 1 	 1.07502 	 1.3171 	 1.6176 	 1.65891 	 1.72276 	 1.72829 
POP-89 	 0.506058 	 0.920733 	 0.998458 	 1 	 1 	 1 	 1.00008 	 1.21189 	 1.53819 	 2.12415 	 2.98403 	 3.92726 
POP-90 	 0.488308 	 8.33333e-06 	 0 	 0 	 0 	 0 	 1.00887 	 1.27378 	 1.59381 	 1.93649 	 2.43653 	 2.45629 
POP-91 	 0.435975 	 0 	 0 	 0 	 0 	 0 	 1.04557 	 1.31844 	 1.31844 	 1.3186 	 1.78816 	 2.34829 
POP-92 	 0.492867 	 0.00525833 	 0 	 0 	 0 	 0 	 1.01122 	 1.72601 	 2.10483 	 2.14294 	 2.85094 	 2.86201 
POP-93 	 0.494425 	 0.996842 	 1 	 1 	 1 	 1 	 1.00095 	 1.18677 	 1.50932 	 2.07744 	 2.15659 	 2.53327 
POP-94 	 0.185958 	 0.01815 	 0 	 0 	 0 	 0 	 1.20443 	 1.7485 	 2.29895 	 3.2727 	 3.27545 	 4.0352 
POP-95 	 0.499642 	 0.5071 	 0.552158 	 0.99985 	 1 	 1 	 1 	 1 	 1.02665 	 1.34343 	 1.72041 	 1.81889 
POP-96 	 0.503308 	 0.520625 	 0.531267 	 0.523392 	 0.515642 	 0 	 1 	 1 	 1 	 1 	 1.00571 	 1.32998 
POP-97 	 0.502242 	 0.591075 	 0.999958 	 1 	 1 	 1 	 1 	 1.03875 	 1.229 	 1.61063 	 1.63809 	 1.63815 
POP-98 	 0.48915 	 0.786675 	 1 	 1 	 1 	 1 	 1.02571 	 1.53943 	 2.01805 	 2.23355 	 3.2375 	 3.79047 
POP-99 	 0.50645 	 0.491033 	 0.000225 	 0 	 0 	 0 	 1 	 1 	 1.44726 	 1.61036 	 1.96565 	 2.35731 
POP-100 	 0.478692 	 0.00186667 	 0 	 0 	 0 	 0 	 1.00301 	 1.19874 	 1.67516 	 2.01754 	 2.07778 	 2.65311 
